1 1 1 1 24 42
2 2 2 1 24 42
3 3 3 1 24 42
4 4 4 1 10 42
5 4 4 11 19 42
6 4 4 20 24 42
7 5 5 1 10 42
8 5 5 11 19 42
9 5 5 20 24 42
10 6 6 1 10 42
11 6 6 11 11 42
12 6 6 12 12 42
13 6 6 13 13 42
14 6 6 14 14 42
15 6 6 15 17 42
16 6 6 18 18 42
17 6 6 19 19 42
18 6 6 20 24 42
19 7 9 1 10 42
20 7 8 11 11 42
21 7 8 12 12 42
22 7 8 13 18 42
23 7 8 19 19 42
24 9 9 11 19 42
25 7 9 20 24 42
26 10 10 1 10 42
27 10 10 11 18 42
28 10 10 19 24 42
29 11 11 1 24 42
30 12 12 1 24 42
