1 1 1 1 24 42
2 2 2 1 24 42
3 3 3 1 24 42
4 4 4 1 12 42
5 4 4 13 20 42
6 4 4 21 24 42
7 5 5 1 12 42
8 5 5 13 20 42
9 5 5 21 24 42
10 6 6 1 12 42
11 6 6 13 16 42
12 6 6 17 20 42
13 6 6 21 24 42
14 7 7 1 12 42
15 7 7 13 13 42
16 7 7 14 20 42
17 7 7 21 24 42
18 8 10 1 12 42
19 8 10 13 13 42
20 8 8 14 14 42
21 8 8 15 15 42
22 8 8 16 16 42
23 8 8 17 18 42
24 8 8 19 20 42
25 9 10 14 15 42
26 9 10 16 17 42
27 9 10 18 20 42
28 8 10 21 24 42
29 11 11 1 24 42
30 12 12 1 24 42
