1 1 1 1 24 42
2 2 2 1 24 42
3 3 3 1 24 42
4 4 4 1 24 42
5 5 5 1 13 42
6 5 5 14 21 42
7 5 5 22 24 42
8 6 6 1 13 42
9 6 6 14 17 42
10 6 6 18 21 42
11 6 6 22 24 42
12 7 7 1 13 42
13 7 7 14 19 42
14 7 7 20 21 42
15 7 7 22 24 42
16 8 8 1 13 42
17 8 8 14 19 42
18 8 8 20 21 42
19 8 8 22 24 42
20 9 11 1 13 42
21 9 9 14 19 42
22 10 10 14 17 42
23 10 10 18 18 42
24 10 10 19 19 42
25 9 10 20 20 42
26 9 10 21 21 42
27 11 11 14 18 42
28 11 11 19 21 42
29 9 11 22 24 42
30 12 12 1 24 42
