1 1 3 1 12 42
2 1 1 13 24 42
3 2 3 13 24 42
4 4 12 1 1 42
5 4 12 2 4 42
6 4 5 5 9 42
7 6 6 5 9 42
8 7 11 5 9 42
9 4 4 10 21 42
10 5 11 10 11 42
11 5 11 12 12 42
12 5 5 13 13 42
13 6 9 13 13 42
14 10 11 13 13 42
15 5 5 14 21 42
16 6 9 14 14 42
17 10 10 14 14 42
18 6 10 15 15 42
19 6 6 16 19 42
20 7 9 16 19 42
21 10 10 16 19 42
22 6 10 20 20 42
23 11 11 14 15 42
24 11 11 16 20 42
25 6 10 21 21 42
26 11 11 21 21 42
27 12 12 5 12 42
28 12 12 13 21 42
29 4 12 22 22 42
30 4 12 23 24 42
