1 1 1 1 24 42
2 2 2 1 24 42
3 3 3 1 24 42
4 4 4 1 11 42
5 4 4 12 19 42
6 4 4 20 24 42
7 5 5 1 11 42
8 5 5 12 19 42
9 5 5 20 24 42
10 6 6 1 11 42
11 6 6 12 12 42
12 6 6 13 19 42
13 6 6 20 24 42
14 7 7 1 11 42
15 7 7 12 12 42
16 7 7 13 19 42
17 7 7 20 24 42
18 8 11 1 11 42
19 8 8 12 12 42
20 9 10 12 12 42
21 8 10 13 14 42
22 8 10 15 16 42
23 8 10 17 18 42
24 11 11 12 13 42
25 11 11 14 18 42
26 8 9 19 19 42
27 10 11 19 19 42
28 8 11 20 24 42
29 12 12 1 1 42
30 12 12 2 24 42
