1 1 1 1 24 42
2 2 2 1 24 42
3 3 3 1 24 42
4 4 4 1 11 42
5 4 4 12 19 42
6 4 4 20 24 42
7 5 5 1 11 42
8 5 5 12 20 42
9 5 5 21 24 42
10 6 6 1 11 42
11 6 6 12 12 42
12 6 6 13 18 42
13 6 6 19 20 42
14 6 6 21 24 42
15 7 10 1 11 42
16 7 10 12 13 42
17 7 9 14 15 42
18 7 9 16 17 42
19 7 9 18 18 42
20 10 10 14 18 42
21 7 10 19 19 42
22 7 10 20 20 42
23 7 10 21 24 42
24 11 11 1 12 42
25 11 11 13 13 42
26 11 11 14 16 42
27 11 11 17 20 42
28 11 11 21 24 42
29 12 12 1 1 42
30 12 12 2 24 42
